0 17
0 9
0 23
0 6
0 10
0 3
0 30
0 2
0 8
0 11
0 19
0 28
0 29
0 32
0 37
0 39
0 48
0 49
1 16
1 15
1 13
1 34
1 9
1 46
1 47
1 49
1 4
1 14
1 20
1 21
1 22
1 24
1 29
1 31
1 35
1 38
1 45
2 7
2 26
2 48
2 19
2 22
2 24
2 25
2 17
2 0
2 9
2 10
2 15
2 16
2 23
2 28
2 30
2 36
2 40
2 41
2 43
3 19
3 6
3 49
3 4
3 48
3 43
3 10
3 8
3 0
3 7
3 22
3 24
3 32
3 33
4 1
4 41
4 31
4 29
4 8
4 21
4 26
4 20
4 3
4 16
4 33
4 38
4 46
5 14
5 22
5 43
5 42
5 34
5 48
5 32
5 30
5 7
5 11
5 12
5 16
5 19
5 27
5 31
5 41
5 44
6 8
6 46
6 39
6 12
6 7
6 45
6 29
6 49
6 0
6 3
6 11
6 17
6 22
6 27
6 28
6 34
6 38
6 41
6 42
6 47
6 48
7 36
7 3
7 13
7 39
7 47
7 49
7 5
7 32
7 2
7 6
7 8
7 14
7 17
7 26
7 27
7 29
7 40
7 41
7 45
8 0
8 20
8 9
8 47
8 44
8 25
8 27
8 7
8 3
8 4
8 6
8 19
8 24
8 30
8 40
8 42
8 43
9 2
9 33
9 24
9 39
9 26
9 38
9 46
9 47
9 0
9 1
9 8
9 13
9 17
9 34
10 31
10 42
10 48
10 24
10 2
10 43
10 17
10 30
10 0
10 3
10 15
10 18
10 25
10 32
10 34
10 40
11 6
11 0
11 27
11 5
11 15
11 43
11 40
11 22
11 24
11 29
11 33
11 35
11 41
11 48
12 5
12 49
12 41
12 19
12 46
12 21
12 37
12 29
12 6
12 13
12 17
12 31
12 32
12 34
12 39
13 39
13 41
13 12
13 45
13 32
13 9
13 49
13 46
13 1
13 7
13 19
13 21
13 28
13 35
14 19
14 46
14 49
14 24
14 42
14 1
14 7
14 39
14 5
14 18
14 30
14 36
14 40
14 48
15 10
15 35
15 22
15 45
15 48
15 28
15 24
15 2
15 1
15 11
15 40
15 43
15 47
16 26
16 2
16 33
16 30
16 5
16 31
16 4
16 24
16 1
16 18
16 21
16 38
16 41
16 44
16 47
17 6
17 26
17 30
17 47
17 9
17 7
17 12
17 19
17 0
17 2
17 10
17 22
17 25
17 34
17 36
17 42
17 44
18 16
18 49
18 33
18 14
18 10
18 45
18 29
18 28
18 46
19 40
19 26
19 13
19 36
19 8
19 32
19 0
19 5
19 2
19 3
19 12
19 14
19 17
19 23
19 37
19 38
19 42
19 45
19 47
19 49
20 45
20 48
20 24
20 1
20 36
20 25
20 34
20 43
20 4
20 8
20 27
20 28
20 32
20 33
20 37
20 42
20 44
20 47
21 22
21 28
21 1
21 23
21 31
21 13
21 16
21 24
21 4
21 12
21 35
21 37
21 49
22 17
22 6
22 35
22 3
22 36
22 40
22 27
22 1
22 2
22 5
22 11
22 15
22 21
22 26
22 30
22 47
23 2
23 27
23 30
23 47
23 31
23 19
23 32
23 38
23 0
23 21
23 36
24 37
24 8
24 3
24 11
24 1
24 40
24 34
24 33
24 2
24 9
24 10
24 14
24 15
24 16
24 20
24 21
24 26
24 35
24 38
25 45
25 17
25 40
25 10
25 36
25 39
25 38
25 35
25 2
25 8
25 20
25 28
26 42
26 24
26 22
26 37
26 38
26 34
26 32
26 7
26 2
26 4
26 9
26 16
26 17
26 19
26 49
27 28
27 20
27 37
27 47
27 38
27 7
27 6
27 5
27 8
27 11
27 22
27 23
27 36
27 39
27 43
27 45
28 38
28 6
28 0
28 2
28 44
28 13
28 25
28 20
28 15
28 18
28 21
28 27
28 42
28 43
28 45
29 45
29 32
29 1
29 7
29 43
29 0
29 44
29 11
29 4
29 6
29 12
29 18
29 30
29 33
29 36
29 39
30 35
30 2
30 14
30 29
30 40
30 8
30 22
30 48
30 0
30 5
30 10
30 16
30 17
30 23
30 34
30 37
30 43
31 5
31 41
31 37
31 1
31 48
31 12
31 43
31 32
31 4
31 10
31 16
31 21
31 23
31 33
31 39
31 42
31 47
31 49
32 12
32 47
32 49
32 20
32 10
32 0
32 42
32 3
32 5
32 7
32 13
32 19
32 23
32 26
32 29
32 31
32 37
32 44
32 46
32 48
33 4
33 11
33 43
33 20
33 3
33 29
33 49
33 31
33 9
33 16
33 18
33 24
33 36
33 46
34 37
34 10
34 44
34 6
34 12
34 9
34 17
34 30
34 1
34 5
34 20
34 24
34 26
34 39
34 40
34 41
34 45
34 48
34 49
35 36
35 24
35 38
35 47
35 13
35 1
35 21
35 11
35 15
35 22
35 25
35 30
35 46
35 49
36 14
36 17
36 27
36 2
36 23
36 29
36 33
36 43
36 7
36 19
36 20
36 22
36 25
36 35
36 41
36 44
37 19
37 30
37 0
37 38
37 41
37 21
37 20
37 32
37 12
37 24
37 26
37 27
37 31
37 34
37 45
38 19
38 45
38 4
38 1
38 6
38 46
38 24
38 16
38 9
38 23
38 25
38 26
38 27
38 28
38 35
38 37
39 34
39 49
39 29
39 12
39 40
39 0
39 31
39 27
39 6
39 7
39 9
39 13
39 14
39 25
40 7
40 8
40 14
40 48
40 10
40 15
40 34
40 2
40 11
40 19
40 22
40 24
40 25
40 30
40 39
41 11
41 6
41 5
41 36
41 16
41 2
41 34
41 7
41 4
41 12
41 13
41 31
41 37
41 42
41 44
42 28
42 8
42 17
42 31
42 19
42 41
42 20
42 6
42 5
42 10
42 14
42 26
42 32
42 43
42 46
43 30
43 42
43 8
43 2
43 48
43 15
43 27
43 28
43 3
43 5
43 10
43 11
43 20
43 29
43 31
43 33
43 36
44 36
44 17
44 32
44 20
44 16
44 5
44 45
44 41
44 8
44 28
44 29
44 34
44 47
45 27
45 1
45 19
45 48
45 28
45 34
45 7
45 37
45 6
45 13
45 15
45 18
45 20
45 25
45 29
45 38
45 44
46 32
46 33
46 18
46 35
46 42
46 48
46 47
46 4
46 1
46 6
46 9
46 12
46 13
46 14
46 38
46 49
47 19
47 20
47 22
47 15
47 16
47 31
47 44
47 6
47 1
47 7
47 8
47 9
47 17
47 23
47 27
47 32
47 35
47 46
47 48
48 14
48 34
48 0
48 11
48 47
48 6
48 32
48 49
48 2
48 3
48 5
48 10
48 15
48 20
48 30
48 31
48 40
48 43
48 45
48 46
49 34
49 26
49 21
49 19
49 46
49 31
49 0
49 35
49 1
49 3
49 6
49 7
49 12
49 13
49 14
49 18
49 32
49 33
49 39
49 48
